[gd_scene load_steps=19 format=3 uid="uid://dlnfpl2m6m6xk"]

[ext_resource type="PackedScene" uid="uid://dkweoh02182gr" path="res://Scenes/Tools/stuff_spreader.tscn" id="1_xpu7q"]
[ext_resource type="PackedScene" uid="uid://conpatbk6nlp6" path="res://Scenes/Props/Plants/plant_01.tscn" id="2_3q1ib"]
[ext_resource type="PackedScene" uid="uid://bt216miqqy6f5" path="res://Scenes/Props/Plants/plant_02.tscn" id="3_m8cyn"]
[ext_resource type="PackedScene" uid="uid://dm8ke16rdg7pc" path="res://Scenes/Props/Plants/plant_03.tscn" id="4_fifgi"]
[ext_resource type="PackedScene" uid="uid://fjt632mla25c" path="res://Scenes/Props/corn.tscn" id="5_5dvay"]
[ext_resource type="PackedScene" uid="uid://mi7gqkir5yp3" path="res://Scenes/Props/Trees/tree_01.tscn" id="5_mnug0"]
[ext_resource type="PackedScene" uid="uid://b1xmmcg7sdyrb" path="res://Scenes/Terrain/terrain_gen.tscn" id="6_7rldr"]
[ext_resource type="PackedScene" uid="uid://da6uwupmbft6m" path="res://Scenes/Props/Trees/tree_02.tscn" id="6_r5ywx"]
[ext_resource type="PackedScene" uid="uid://bif0owwo2cn6j" path="res://Scenes/Props/Trees/tree_03.tscn" id="7_lh7tv"]
[ext_resource type="PackedScene" uid="uid://byjpmwnn2rmrm" path="res://Assets/Models/terrain_t_02.tscn" id="7_voq35"]

[sub_resource type="BoxShape3D" id="BoxShape3D_u814n"]
size = Vector3(500, 50, 200)

[sub_resource type="SphereShape3D" id="SphereShape3D_8rx05"]
resource_local_to_scene = true
radius = 100.0

[sub_resource type="SphereShape3D" id="SphereShape3D_vyfvl"]
resource_local_to_scene = true
radius = 3.0

[sub_resource type="SphereShape3D" id="SphereShape3D_h8k73"]
resource_local_to_scene = true
radius = 3.0

[sub_resource type="Curve" id="Curve_vjfek"]
resource_local_to_scene = true
_data = [Vector2(0, 0), 0.0, 0.0, 0, 0, Vector2(0.25, 0.25), 0.0, 0.0, 0, 0, Vector2(0.5, 0), 0.0, 0.0, 0, 0, Vector2(0.75, 0.25), 0.0, 0.0, 0, 0, Vector2(1, 0), 0.0, 0.0, 0, 0]
point_count = 5

[sub_resource type="Curve" id="Curve_mgxdx"]
resource_local_to_scene = true
_data = [Vector2(0, 1), 0.0, 0.0, 0, 0, Vector2(1, 0), 0.0, 0.0, 0, 0]
point_count = 2

[sub_resource type="Curve" id="Curve_v5m10"]
resource_local_to_scene = true
_data = [Vector2(0, 1), 0.0, 0.0, 0, 0, Vector2(1, 1), 0.0, 0.0, 0, 0]
point_count = 2

[sub_resource type="Curve" id="Curve_8cd3o"]
resource_local_to_scene = true
_data = [Vector2(0, 0), 0.0, 0.0, 0, 0, Vector2(1, 1), 0.0, 0.0, 0, 0]
point_count = 2

[node name="Scenery" type="Node3D"]

[node name="Trees" parent="." instance=ExtResource("1_xpu7q")]
transform = Transform3D(1, 0, 0, 0, 1, 0, 0, 0, 1, 0, 0, -43.7066)
spawnables = Array[PackedScene]([ExtResource("6_r5ywx"), ExtResource("5_mnug0"), ExtResource("7_lh7tv")])
names = Array[String](["Big Tree", "Medium Tree", "Small Tree"])
rarity_curve = 0.2
spawn_seed = 190
amount_min = 60
amount_max = 60
weaken_normal = 0.835
grow_chance = 0.33

[node name="SpawnShape" parent="Trees/SpawnArea" index="0"]
transform = Transform3D(1, 0, 0, 0, 1, 0, 0, 0, 1, 0, 56.8244, -9.46102)
shape = SubResource("BoxShape3D_u814n")

[node name="Medium Tree (60)" type="Node3D" parent="Trees/SpawnParent" index="0" instance=ExtResource("5_mnug0")]
transform = Transform3D(0.276446, -0.00708399, -0.961003, -0.0374149, 0.999135, -0.018128, 0.960301, 0.0409672, 0.275942, 102.826, 6.15723, 32.5258)

[node name="Big Tree (61)" type="Node3D" parent="Trees/SpawnParent" index="1" instance=ExtResource("6_r5ywx")]
transform = Transform3D(0.999478, 0.00952777, -0.0308834, -0.00941622, 0.999949, 0.00375543, 0.0309176, -0.00346266, 0.999516, 76.501, 10.265, -64.2313)

[node name="Big Tree (62)" type="Node3D" parent="Trees/SpawnParent" index="2" instance=ExtResource("6_r5ywx")]
transform = Transform3D(0.127824, 0.00633512, -0.991777, -0.0468293, 0.998903, 0.0003451, 0.990691, 0.0464001, 0.127981, -39.3209, 11.9482, -39.7051)

[node name="Big Tree (63)" type="Node3D" parent="Trees/SpawnParent" index="3" instance=ExtResource("6_r5ywx")]
transform = Transform3D(0.283621, -0.00152579, 0.958935, 0.00875513, 0.999961, -0.000998409, -0.958897, 0.00867878, 0.283623, 38.3044, 8.91045, -105.242)

[node name="Medium Tree (64)" type="Node3D" parent="Trees/SpawnParent" index="4" instance=ExtResource("5_mnug0")]
transform = Transform3D(-0.0417446, 0.00435188, 0.999119, 0.00565331, 0.999976, -0.00411941, -0.999112, 0.00547637, -0.0417682, 104.603, 9.94977, -109.012)

[node name="Big Tree (65)" type="Node3D" parent="Trees/SpawnParent" index="5" instance=ExtResource("6_r5ywx")]
transform = Transform3D(-0.210608, -0.00541388, 0.977556, -0.00456469, 0.999979, 0.00455464, -0.97756, -0.003503, -0.210629, -226.539, 1.56491, -4.03325)

[node name="Big Tree (66)" type="Node3D" parent="Trees/SpawnParent" index="6" instance=ExtResource("6_r5ywx")]
transform = Transform3D(0.429251, -0.00635914, -0.903163, 0.00231221, 0.99998, -0.00594188, 0.903182, 0.000462252, 0.429257, -96.655, 15.3843, -54.4462)

[node name="Big Tree (67)" type="Node3D" parent="Trees/SpawnParent" index="7" instance=ExtResource("6_r5ywx")]
transform = Transform3D(0.129972, -0.00495623, -0.991505, -0.0181936, 0.999807, -0.00738265, 0.991351, 0.0189986, 0.129857, 100.644, 13.7963, -13.5106)

[node name="Big Tree (68)" type="Node3D" parent="Trees/SpawnParent" index="8" instance=ExtResource("6_r5ywx")]
transform = Transform3D(-0.351838, 0.0150802, 0.935939, 0.016708, 0.999812, -0.00982841, -0.935912, 0.0121797, -0.352024, -34.4056, 14.1724, -56.44)

[node name="Big Tree (69)" type="Node3D" parent="Trees/SpawnParent" index="9" instance=ExtResource("6_r5ywx")]
transform = Transform3D(-2.24037, -0.0485617, 0.202194, -0.0457799, 2.24929, 0.0329668, -0.202842, 0.0287117, -2.24065, 137.339, 4.01512, 88.0713)

[node name="Big Tree (70)" type="Node3D" parent="Trees/SpawnParent" index="10" instance=ExtResource("6_r5ywx")]
transform = Transform3D(0.462286, -0.00773105, -0.886697, 0.00254709, 0.999969, -0.00739072, 0.886727, 0.00115813, 0.462292, -223.874, 2.42742, 80.2386)

[node name="Medium Tree (71)" type="Node3D" parent="Trees/SpawnParent" index="11" instance=ExtResource("5_mnug0")]
transform = Transform3D(-2.06511, 0.0898248, -0.88867, 0.0615059, 2.24758, 0.0842515, 0.891078, 0.0530358, -2.06535, -19.3931, 9.16932, -36.4789)

[node name="Big Tree (72)" type="Node3D" parent="Trees/SpawnParent" index="12" instance=ExtResource("6_r5ywx")]
transform = Transform3D(-0.740856, -0.050072, -1.30331, -0.0412696, 1.49904, -0.0341325, 1.30362, 0.0189999, -0.741761, -186.726, 9.49878, -37.1131)

[node name="Big Tree (73)" type="Node3D" parent="Trees/SpawnParent" index="13" instance=ExtResource("6_r5ywx")]
transform = Transform3D(-1.05225, -0.0059152, -1.06899, 0.0080822, 1.49989, -0.0162553, 1.06897, -0.0171629, -1.05214, -226.606, 1.67575, 64.5273)

[node name="Big Tree (74)" type="Node3D" parent="Trees/SpawnParent" index="14" instance=ExtResource("6_r5ywx")]
transform = Transform3D(0.629094, 0.00661605, -0.777301, -0.0012304, 0.999971, 0.00751552, 0.777328, -0.00377158, 0.629084, -138.833, 9.87763, 4.38403)

[node name="Big Tree (75)" type="Node3D" parent="Trees/SpawnParent" index="15" instance=ExtResource("6_r5ywx")]
transform = Transform3D(-0.110459, 0.0430743, -0.992947, 0.0503259, 0.998021, 0.037696, 0.992606, -0.0458071, -0.112408, -66.1629, 1.5337, 76.4199)

[node name="Big Tree (76)" type="Node3D" parent="Trees/SpawnParent" index="16" instance=ExtResource("6_r5ywx")]
transform = Transform3D(0.269355, -0.0282821, 0.962625, 0.0232657, 0.999468, 0.0228545, -0.96276, 0.0162402, 0.26987, -162.723, 8.27872, 40.2706)

[node name="Medium Tree (77)" type="Node3D" parent="Trees/SpawnParent" index="17" instance=ExtResource("5_mnug0")]
transform = Transform3D(-0.0982485, 0.00409471, 0.995153, -0.00299414, 0.999986, -0.00441019, -0.995157, -0.00341293, -0.0982349, -98.8526, 15.2057, -65.0161)

[node name="Big Tree (78)" type="Node3D" parent="Trees/SpawnParent" index="18" instance=ExtResource("6_r5ywx")]
transform = Transform3D(0.246187, 0.0618968, 0.967244, -0.0234818, 0.998047, -0.0578913, -0.968938, -0.00846057, 0.24716, -108.357, 14.0471, 78.5326)

[node name="Big Tree (79)" type="Node3D" parent="Trees/SpawnParent" index="19" instance=ExtResource("6_r5ywx")]
transform = Transform3D(0.586528, -0.012013, 0.80984, 0.031974, 0.999454, -0.0083315, -0.809297, 0.0307804, 0.586592, -2.05512, 4.52085, -17.1458)

[node name="Big Tree (80)" type="Node3D" parent="Trees/SpawnParent" index="20" instance=ExtResource("6_r5ywx")]
transform = Transform3D(-0.537888, 0.0385998, -1.39971, 0.0317108, 1.49938, 0.0291624, 1.39988, -0.0191332, -0.538482, 199.368, 4.93238, -100.476)

[node name="Big Tree (81)" type="Node3D" parent="Trees/SpawnParent" index="21" instance=ExtResource("6_r5ywx")]
transform = Transform3D(-0.104823, 0.0593724, 0.992717, -0.00151087, 0.998206, -0.0598602, -0.99449, -0.00777462, -0.104546, -75.7497, 4.16442, 67.7858)

[node name="Big Tree (82)" type="Node3D" parent="Trees/SpawnParent" index="22" instance=ExtResource("6_r5ywx")]
transform = Transform3D(-0.994719, -0.00850573, 0.102283, -0.00786111, 0.999947, 0.00670374, -0.102334, 0.00586428, -0.994733, 160.981, 8.6182, 63.2518)

[node name="Big Tree (83)" type="Node3D" parent="Trees/SpawnParent" index="23" instance=ExtResource("6_r5ywx")]
transform = Transform3D(0.675492, 0.0192612, 2.14612, -0.0408794, 2.24962, -0.00732321, -2.14582, -0.0367935, 0.675727, -6.40495, 8.46185, -103.326)

[node name="Big Tree (84)" type="Node3D" parent="Trees/SpawnParent" index="24" instance=ExtResource("6_r5ywx")]
transform = Transform3D(1.3578, 0.0149689, -0.637309, -0.0104706, 1.49991, 0.0129217, 0.637399, -0.00724808, 1.35782, 201.963, 6.10491, 42.1885)

[node name="Big Tree (85)" type="Node3D" parent="Trees/SpawnParent" index="25" instance=ExtResource("6_r5ywx")]
transform = Transform3D(-0.872398, -0.0320333, 0.487745, -0.0406687, 0.999147, -0.00712109, -0.487101, -0.0260484, -0.872957, -156.963, 13.8662, -64.2974)

[node name="Big Tree (86)" type="Node3D" parent="Trees/SpawnParent" index="26" instance=ExtResource("6_r5ywx")]
transform = Transform3D(0.780314, -0.0015474, -0.625386, 0.0183569, 0.999623, 0.0204311, 0.625118, -0.0274228, 0.780048, 134.497, 12.2686, -52.1098)

[node name="Big Tree (87)" type="Node3D" parent="Trees/SpawnParent" index="27" instance=ExtResource("6_r5ywx")]
transform = Transform3D(0.308649, -0.0105843, -0.951117, -0.00537616, 0.999903, -0.0128718, 0.951161, 0.00908623, 0.308562, 90.1167, 2.30092, 62.9863)

[node name="Big Tree (88)" type="Node3D" parent="Trees/SpawnParent" index="28" instance=ExtResource("6_r5ywx")]
transform = Transform3D(-1.49517, -0.00871255, 0.119911, -0.00838543, 1.49997, 0.00442728, -0.119934, 0.0037427, -1.49519, -247.943, 1.43242, 32.1588)

[node name="Big Tree (89)" type="Node3D" parent="Trees/SpawnParent" index="29" instance=ExtResource("6_r5ywx")]
transform = Transform3D(0.337022, -0.00580449, -0.941479, 0.00302052, 0.999983, -0.00508392, 0.941492, -0.00113036, 0.337034, -230.147, 1.35692, -11.8738)

[node name="Big Tree (90)" type="Node3D" parent="Trees/SpawnParent" index="30" instance=ExtResource("6_r5ywx")]
transform = Transform3D(0.12526, 0.0128, -0.992041, -0.0123247, 0.99986, 0.0113447, 0.992047, 0.0108055, 0.1254, 165.451, 10.8259, -3.77927)

[node name="Big Tree (91)" type="Node3D" parent="Trees/SpawnParent" index="31" instance=ExtResource("6_r5ywx")]
transform = Transform3D(0.412905, -0.0255197, -0.910417, -0.0505419, 0.997425, -0.050881, 0.909371, 0.0670232, 0.410552, 41.0801, 4.49746, -14.1098)

[node name="Big Tree (92)" type="Node3D" parent="Trees/SpawnParent" index="32" instance=ExtResource("6_r5ywx")]
transform = Transform3D(-0.110767, -0.0164021, -0.993711, -0.0172996, 0.999744, -0.0145733, 0.993696, 0.0155766, -0.111022, 121.532, 5.56408, 53.9384)

[node name="Medium Tree (93)" type="Node3D" parent="Trees/SpawnParent" index="33" instance=ExtResource("5_mnug0")]
transform = Transform3D(-0.998746, -0.0360792, 0.0347108, -0.0368665, 0.999071, -0.0223181, -0.0338734, -0.0235698, -0.999148, -160.339, 9.32466, -105.426)

[node name="Big Tree (94)" type="Node3D" parent="Trees/SpawnParent" index="34" instance=ExtResource("6_r5ywx")]
transform = Transform3D(0.245275, -0.00746263, 0.969425, 0.00836881, 0.999949, 0.00558021, -0.969417, 0.00674425, 0.245325, -247.117, 0.39373, -82.0649)

[node name="Big Tree (95)" type="Node3D" parent="Trees/SpawnParent" index="35" instance=ExtResource("6_r5ywx")]
transform = Transform3D(0.987024, -0.0121823, -0.160112, 0.0116146, 0.999923, -0.00448089, 0.160154, 0.0025631, 0.987089, -205.539, 2.85335, 41.2652)

[node name="Big Tree (96)" type="Node3D" parent="Trees/SpawnParent" index="36" instance=ExtResource("6_r5ywx")]
transform = Transform3D(-0.813159, 0.0290841, 0.581314, 0.0232556, 0.999577, -0.0174798, -0.581576, -0.000695022, -0.813492, 218.072, 4.37457, 67.5695)

[node name="Big Tree (97)" type="Node3D" parent="Trees/SpawnParent" index="37" instance=ExtResource("6_r5ywx")]
transform = Transform3D(-0.998766, 0.016549, -0.0468353, 0.0166209, 0.999861, -0.00114634, 0.0468098, -0.00192337, -0.998902, 209.563, 5.6582, 37.0651)

[node name="Big Tree (98)" type="Node3D" parent="Trees/SpawnParent" index="38" instance=ExtResource("6_r5ywx")]
transform = Transform3D(-0.688933, 0.0194905, -0.724563, 0.0120262, 0.999808, 0.0154596, 0.724725, 0.00193692, -0.689035, 217.701, 2.84465, -60.2909)

[node name="Big Tree (99)" type="Node3D" parent="Trees/SpawnParent" index="39" instance=ExtResource("6_r5ywx")]
transform = Transform3D(0.935844, 0.0137425, -0.352146, -0.014174, 0.999899, 0.00135302, 0.352129, 0.00372509, 0.935944, 248.313, 1.80574, -1.45734)

[node name="Big Tree (100)" type="Node3D" parent="Trees/SpawnParent" index="40" instance=ExtResource("6_r5ywx")]
transform = Transform3D(-1.43142, -0.046595, 0.445952, -0.04571, 1.49927, 0.00993004, -0.446043, -0.00411362, -1.43214, -214.379, 2.54884, -34.9016)

[node name="Big Tree (101)" type="Node3D" parent="Trees/SpawnParent" index="41" instance=ExtResource("6_r5ywx")]
transform = Transform3D(-0.998735, -0.00549895, 0.0499814, -0.00701905, 0.999517, -0.0302888, -0.0497907, -0.0306013, -0.998291, 26.4638, 10.916, -94.4187)

[node name="Big Tree (102)" type="Node3D" parent="Trees/SpawnParent" index="42" instance=ExtResource("6_r5ywx")]
transform = Transform3D(0.650054, 0.039989, -0.758835, -0.0228115, 0.999191, 0.0331138, 0.759545, -0.00421562, 0.650441, -79.0287, 3.72102, 53.7353)

[node name="Big Tree (103)" type="Node3D" parent="Trees/SpawnParent" index="43" instance=ExtResource("6_r5ywx")]
transform = Transform3D(0.952566, -0.0351882, 0.302291, 0.0417698, 0.99901, -0.0153336, -0.301452, 0.0272329, 0.953092, 10.0425, 9.67562, -47.9207)

[node name="Big Tree (104)" type="Node3D" parent="Trees/SpawnParent" index="44" instance=ExtResource("6_r5ywx")]
transform = Transform3D(-0.878908, 0.0470211, -0.474669, 0.0280226, 0.998501, 0.047025, 0.476168, 0.0280292, -0.878907, -55.7191, 13.0776, -29.4207)

[node name="Big Tree (45)" type="Node3D" parent="Trees/SpawnParent" index="45" instance=ExtResource("6_r5ywx")]
transform = Transform3D(0.757582, 0.0392308, 2.11826, -0.0368886, 2.24952, -0.0284687, -2.1183, -0.0251432, 0.758063, -122.977, 16.3141, -87.1409)

[node name="Big Tree (46)" type="Node3D" parent="Trees/SpawnParent" index="46" instance=ExtResource("6_r5ywx")]
transform = Transform3D(0.952056, -0.00367628, -0.305902, 0.0120042, 0.999607, 0.0253473, 0.305689, -0.0278041, 0.951725, -111.645, 11.8251, 3.18433)

[node name="Medium Tree (47)" type="Node3D" parent="Trees/SpawnParent" index="47" instance=ExtResource("5_mnug0")]
transform = Transform3D(-0.168937, 0, 2.24365, 1.6181e-08, 2.25, 1.21836e-09, -2.24365, 1.62268e-08, -0.168937, 33.5565, 0.000255585, 18.9846)

[node name="Big Tree (48)" type="Node3D" parent="Trees/SpawnParent" index="48" instance=ExtResource("6_r5ywx")]
transform = Transform3D(0.850395, 0.0136813, -0.525967, -0.0427622, 0.998152, -0.0431752, 0.524404, 0.0592075, 0.849409, 31.3177, 4.86467, -17.1746)

[node name="Big Tree (49)" type="Node3D" parent="Trees/SpawnParent" index="49" instance=ExtResource("6_r5ywx")]
transform = Transform3D(1.41947, -0.0072034, 0.48481, 0.00458761, 1.49997, 0.00885472, -0.484842, -0.00689662, 1.41946, -237.591, 0.78421, -48.3746)

[node name="Big Tree (50)" type="Node3D" parent="Trees/SpawnParent" index="50" instance=ExtResource("6_r5ywx")]
transform = Transform3D(2.22437, 0.00709418, 0.338536, -0.00491204, 2.24995, -0.0148738, -0.338575, 0.0139653, 2.22434, 181.372, 7.97795, 73.2514)

[node name="Medium Tree (51)" type="Node3D" parent="Trees/SpawnParent" index="51" instance=ExtResource("5_mnug0")]
transform = Transform3D(0.679671, -0.00431569, 0.733504, -0.00030892, 0.999981, 0.00616979, -0.733517, -0.00442002, 0.679657, -232.735, 1.67011, 28.4235)

[node name="Medium Tree (52)" type="Node3D" parent="Trees/SpawnParent" index="52" instance=ExtResource("5_mnug0")]
transform = Transform3D(0.590245, 0.0214618, -0.806939, -0.012229, 0.99977, 0.0176453, 0.807131, -0.00054703, 0.590372, -65.7697, 0.410202, 35.8877)

[node name="Big Tree (53)" type="Node3D" parent="Trees/SpawnParent" index="53" instance=ExtResource("6_r5ywx")]
transform = Transform3D(1.48356, -0.0156065, 0.220932, 0.0179947, 1.49982, -0.0148877, -0.22075, 0.0173749, 1.48357, -163.555, 9.77098, -16.8505)

[node name="Big Tree (55)" type="Node3D" parent="Trees/SpawnParent" index="54" instance=ExtResource("6_r5ywx")]
transform = Transform3D(0.487429, 0.0229264, -0.872862, -0.0072232, 0.999727, 0.0222249, 0.873133, -0.00452823, 0.487462, 187.309, 8.01433, -1.14979)

[node name="Small Tree (56)" type="Node3D" parent="Trees/SpawnParent" index="55" instance=ExtResource("7_lh7tv")]
transform = Transform3D(-0.89638, -0.00567535, -0.44325, -0.0237608, 0.999096, 0.0352589, 0.442649, 0.0421373, -0.895704, 37.6773, 11.7552, -44.6974)

[node name="Medium Tree (57)" type="Node3D" parent="Trees/SpawnParent" index="56" instance=ExtResource("5_mnug0")]
transform = Transform3D(-0.988027, 0.0190565, -0.153098, 0.0187871, 0.999819, 0.00320641, 0.153131, 0.000291755, -0.988206, -65.034, 0.314274, 27.9179)

[node name="Medium Tree (58)" type="Node3D" parent="Trees/SpawnParent" index="57" instance=ExtResource("5_mnug0")]
transform = Transform3D(-1.87459, -0.0196611, 1.43357, -0.00777967, 2.35988, 0.0221923, -1.43368, 0.012902, -1.87456, 83.9856, 1.37755, 76.3958)

[node name="Big Tree (59)" type="Node3D" parent="Trees/SpawnParent" index="58" instance=ExtResource("6_r5ywx")]
transform = Transform3D(0.918995, -0.000326598, 0.394268, -0.000647424, 0.999997, 0.00233744, -0.394267, -0.00240335, 0.918993, -34.8728, 2.08307, 99.47)

[node name="Plants" parent="." instance=ExtResource("1_xpu7q")]
transform = Transform3D(1, 0, 0, 0, 1, 0, 0, 0, 1, 0, 0, -41.8215)
spawnables = Array[PackedScene]([ExtResource("4_fifgi"), ExtResource("3_m8cyn"), ExtResource("2_3q1ib")])
names = Array[String](["Shrub A", "Shrub B", "Shrub C"])
spawn_seed = 82
amount_min = 100
amount_max = 100
base_size = 0.75
grow_chance = 0.5
grow_factor = 1.1

[node name="SpawnShape" parent="Plants/SpawnArea" index="0"]
shape = SubResource("SphereShape3D_8rx05")

[node name="Shrub B (0)" type="Node3D" parent="Plants/SpawnParent" index="0" instance=ExtResource("3_m8cyn")]
transform = Transform3D(-0.882955, 0.0525902, 0.20293, 0.104112, 0.87249, 0.226886, -0.181953, 0.244031, -0.854926, -34.1596, 12.6607, -45.325)

[node name="Shrub B (1)" type="Node3D" parent="Plants/SpawnParent" index="1" instance=ExtResource("3_m8cyn")]
transform = Transform3D(0.42308, -0.00158297, 0.619274, -0.0174165, 0.749671, 0.013815, -0.619031, -0.0221739, 0.422858, 66.4613, 0.31358, 27.859)

[node name="Shrub A (2)" type="Node3D" parent="Plants/SpawnParent" index="2" instance=ExtResource("4_fifgi")]
transform = Transform3D(0.814272, 0.00355985, -0.132564, 0.00919468, 0.821202, 0.0785303, 0.132293, -0.0789866, 0.810484, -27.5309, 0.313171, 79.683)

[node name="Shrub B (3)" type="Node3D" parent="Plants/SpawnParent" index="3" instance=ExtResource("3_m8cyn")]
transform = Transform3D(-0.0736642, -0.0141971, -0.821582, -0.224719, 0.793779, 0.00643191, 0.79038, 0.224362, -0.0747436, -35.9111, 9.74448, -33.3286)

[node name="Shrub A (4)" type="Node3D" parent="Plants/SpawnParent" index="4" instance=ExtResource("4_fifgi")]
transform = Transform3D(-0.661068, 2.16588e-05, 0.354244, -0.0413515, 0.744868, -0.0772131, -0.351823, -0.0875889, -0.656543, -22.4035, 0.454217, 81.034)

[node name="Shrub A (5)" type="Node3D" parent="Plants/SpawnParent" index="5" instance=ExtResource("4_fifgi")]
transform = Transform3D(0.756715, -0.22904, -0.235685, 0.15263, 0.768892, -0.257165, 0.291051, 0.192276, 0.747626, 56.006, 7.75591, -22.8716)

[node name="Shrub B (6)" type="Node3D" parent="Plants/SpawnParent" index="6" instance=ExtResource("3_m8cyn")]
transform = Transform3D(0.138185, 0.369677, -0.637765, -0.225484, 0.63897, 0.321519, 0.701827, 0.132502, 0.22887, -71.7181, 4.37946, 8.52753)

[node name="Shrub A (7)" type="Node3D" parent="Plants/SpawnParent" index="7" instance=ExtResource("4_fifgi")]
transform = Transform3D(1.06477, 0.238401, -0.123322, -0.253394, 1.0592, -0.140202, 0.088517, 0.164408, 1.08208, -95.1122, 10.2569, 20.6374)

[node name="Shrub B (8)" type="Node3D" parent="Plants/SpawnParent" index="8" instance=ExtResource("3_m8cyn")]
transform = Transform3D(0.802025, 0.0188407, 0.192423, 0.00514379, 0.818704, -0.101601, -0.193275, 0.0999716, 0.795786, 9.46913, 7.95985, -33.6809)

[node name="Shrub A (9)" type="Node3D" parent="Plants/SpawnParent" index="9" instance=ExtResource("4_fifgi")]
transform = Transform3D(0.622401, -0.15651, -1.02328, 0.0579557, 1.19739, -0.147889, 1.03356, 0.0271064, 0.624505, 4.55732, 0.3384, 52.9507)

[node name="Shrub B (10)" type="Node3D" parent="Plants/SpawnParent" index="10" instance=ExtResource("3_m8cyn")]
transform = Transform3D(0.162802, -0.200463, -0.78354, 0.0500515, 0.800222, -0.194331, 0.807227, -0.00918776, 0.170074, 7.99353, 1.19698, 38.6401)

[node name="Shrub C (11)" type="Node3D" parent="Plants/SpawnParent" index="11" instance=ExtResource("2_3q1ib")]
transform = Transform3D(1.19144, 0.00831732, 0.588029, -0.00879091, 1.32864, -0.000981144, -0.588022, -0.00301078, 1.19146, 50.8252, 0.0145302, 8.81572)

[node name="Shrub C (12)" type="Node3D" parent="Plants/SpawnParent" index="12" instance=ExtResource("2_3q1ib")]
transform = Transform3D(0.781049, 0.221257, -0.147079, -0.222021, 0.794402, 0.0160297, 0.145923, 0.0244057, 0.811625, -15.2817, 3.27949, 45.2024)

[node name="Shrub A (13)" type="Node3D" parent="Plants/SpawnParent" index="13" instance=ExtResource("4_fifgi")]
transform = Transform3D(-0.612368, -0.169416, -0.647966, -0.10755, 0.891467, -0.13144, 0.661056, -0.0119017, -0.621626, 5.07091, 0.501083, 35.5313)

[node name="Shrub B (14)" type="Node3D" parent="Plants/SpawnParent" index="14" instance=ExtResource("3_m8cyn")]
transform = Transform3D(0.803954, 0.0948794, -0.158998, -0.116491, 0.809859, -0.105754, 0.143917, 0.125507, 0.802596, -14.6741, 4.41215, -16.0173)

[node name="Shrub C (15)" type="Node3D" parent="Plants/SpawnParent" index="15" instance=ExtResource("2_3q1ib")]
transform = Transform3D(-0.314119, 0.0205365, 0.851154, 0.220675, 0.878196, 0.0602515, -0.822306, 0.227829, -0.30897, -67.9531, 10.8628, -14.9653)

[node name="Shrub C (16)" type="Node3D" parent="Plants/SpawnParent" index="16" instance=ExtResource("2_3q1ib")]
transform = Transform3D(-0.58795, -0.0872566, 0.572124, -0.0238643, 0.818531, 0.100313, -0.578247, 0.05494, -0.585864, 9.37555, 10.7901, -74.726)

[node name="Shrub C (17)" type="Node3D" parent="Plants/SpawnParent" index="17" instance=ExtResource("2_3q1ib")]
transform = Transform3D(0.607555, 0.00112919, 0.439745, 0.0210194, 0.749066, -0.030964, -0.439244, 0.0374073, 0.606766, -3.06568, 0.122936, 7.01785)

[node name="Shrub C (19)" type="Node3D" parent="Plants/SpawnParent" index="18" instance=ExtResource("2_3q1ib")]
transform = Transform3D(-0.505907, 0.000327583, -0.753402, 0.0881925, 0.901287, -0.058829, 0.748222, -0.106013, -0.502475, -19.1847, 0.651447, 82.7199)

[node name="Shrub A (20)" type="Node3D" parent="Plants/SpawnParent" index="19" instance=ExtResource("4_fifgi")]
transform = Transform3D(-0.290381, -0.0722648, 0.768818, 0.0915494, 0.812365, 0.110936, -0.766761, 0.124362, -0.277915, -35.1008, 1.00393, 62.1538)

[node name="Shrub B (21)" type="Node3D" parent="Plants/SpawnParent" index="20" instance=ExtResource("3_m8cyn")]
transform = Transform3D(0.0578058, -0.0157314, -0.996451, 0.0520786, 0.99681, -0.0127159, 0.995213, -0.0512484, 0.0585431, 23.6229, 9.41982, -39.604)

[node name="Shrub A (22)" type="Node3D" parent="Plants/SpawnParent" index="21" instance=ExtResource("4_fifgi")]
transform = Transform3D(-0.824995, 0.00133149, 0.00267121, 0.00101497, 0.819509, -0.0950236, -0.00280679, -0.0950197, -0.819505, -4.17354, 0.518361, 81.701)

[node name="Shrub A (23)" type="Node3D" parent="Plants/SpawnParent" index="22" instance=ExtResource("4_fifgi")]
transform = Transform3D(0.513139, 0.0144762, 0.54679, -0.125457, 0.732865, 0.098333, -0.5324, -0.158742, 0.503837, 30.2618, 14.4967, -70.9646)

[node name="Shrub C (24)" type="Node3D" parent="Plants/SpawnParent" index="23" instance=ExtResource("2_3q1ib")]
transform = Transform3D(0.0460436, -0.108841, 0.816492, 0.102072, 0.812217, 0.102516, -0.817366, 0.095298, 0.0587965, -38.3944, 1.0536, 58.9067)

[node name="Shrub C (25)" type="Node3D" parent="Plants/SpawnParent" index="24" instance=ExtResource("2_3q1ib")]
transform = Transform3D(0.583963, 0.0337728, 0.581783, 0.112426, 0.801613, -0.159381, -0.571816, 0.192097, 0.562806, -17.962, 1.59871, -2.18561)

[node name="Shrub C (26)" type="Node3D" parent="Plants/SpawnParent" index="25" instance=ExtResource("2_3q1ib")]
transform = Transform3D(-0.594267, 0.0455345, 0.455273, -0.059044, 0.732405, -0.150322, -0.453719, -0.15495, -0.576741, -20.406, 1.59646, 22.2992)

[node name="Shrub B (27)" type="Node3D" parent="Plants/SpawnParent" index="26" instance=ExtResource("3_m8cyn")]
transform = Transform3D(-0.157523, -0.0638359, 0.730487, 0.0895323, 0.739888, 0.0839643, -0.727785, 0.104838, -0.147779, 94.5449, 12.2889, -7.43333)

[node name="Shrub C (28)" type="Node3D" parent="Plants/SpawnParent" index="27" instance=ExtResource("2_3q1ib")]
transform = Transform3D(0.794156, 0.0758666, 0.210204, -0.0787839, 0.821229, 0.00125051, -0.209128, -0.0212773, 0.79777, -5.42715, 0.260406, 23.7533)

[node name="Shrub B (29)" type="Node3D" parent="Plants/SpawnParent" index="28" instance=ExtResource("3_m8cyn")]
transform = Transform3D(-0.730212, 0.0551887, 0.162001, 0.116495, 0.680362, 0.29332, -0.125375, 0.310744, -0.670984, -48.3988, 4.59951, -8.77108)

[node name="Shrub C (30)" type="Node3D" parent="Plants/SpawnParent" index="29" instance=ExtResource("2_3q1ib")]
transform = Transform3D(0.325659, 0.0634759, 0.67262, 0.079488, 0.737897, -0.108122, -0.670916, 0.118235, 0.313676, 34.53, 0.984676, 62.5898)

[node name="Shrub C (31)" type="Node3D" parent="Plants/SpawnParent" index="30" instance=ExtResource("2_3q1ib")]
transform = Transform3D(-0.313975, 0.00864585, 0.681062, -0.042982, 0.748193, -0.0293132, -0.679759, -0.0513027, -0.312723, -13.8301, 0.969988, 87.7271)

[node name="Shrub A (32)" type="Node3D" parent="Plants/SpawnParent" index="31" instance=ExtResource("4_fifgi")]
transform = Transform3D(-0.665239, 0.0107427, -0.346181, -0.0688544, 0.730574, 0.154986, 0.339434, 0.169251, -0.647023, 16.2573, 2.61452, -11.3864)

[node name="Shrub B (33)" type="Node3D" parent="Plants/SpawnParent" index="32" instance=ExtResource("3_m8cyn")]
transform = Transform3D(-0.183657, -0.0781975, 0.800488, 0.0851746, 0.814584, 0.0991161, -0.799775, 0.104709, -0.173264, 41.2872, 3.54426, -10.4855)

[node name="Shrub C (34)" type="Node3D" parent="Plants/SpawnParent" index="33" instance=ExtResource("2_3q1ib")]
transform = Transform3D(0.69395, -0.0394533, 0.281739, 0.0878702, 0.73616, -0.113345, -0.270577, 0.137883, 0.685767, 6.34311, 8.99957, -47.3919)

[node name="Shrub C (35)" type="Node3D" parent="Plants/SpawnParent" index="34" instance=ExtResource("2_3q1ib")]
transform = Transform3D(-0.376982, -0.0852647, 0.64274, 0.0183949, 0.741781, 0.109192, -0.648109, 0.0706489, -0.37076, 12.092, 10.3031, -66.7064)

[node name="Shrub A (36)" type="Node3D" parent="Plants/SpawnParent" index="35" instance=ExtResource("4_fifgi")]
transform = Transform3D(-1.09783, -0.0218716, 0.00789431, -0.0202222, 1.08207, 0.185709, -0.0114782, 0.185522, -1.08223, 60.2825, 1.05132, 1.98641)

[node name="Shrub C (37)" type="Node3D" parent="Plants/SpawnParent" index="36" instance=ExtResource("2_3q1ib")]
transform = Transform3D(0.196308, 0.000130249, 0.801304, -0.0966509, 0.818981, 0.0235449, -0.795454, -0.0994774, 0.194891, -45.5381, 0.589798, 82.1097)

[node name="Shrub A (38)" type="Node3D" parent="Plants/SpawnParent" index="37" instance=ExtResource("4_fifgi")]
transform = Transform3D(-0.120877, 0.0847253, -0.811687, 0.141746, 0.81025, 0.0634665, 0.803693, -0.130159, -0.133273, 33.9827, 13.9635, -79.4437)

[node name="Shrub B (39)" type="Node3D" parent="Plants/SpawnParent" index="38" instance=ExtResource("3_m8cyn")]
transform = Transform3D(-0.892382, 0.149936, -0.0687715, 0.130232, 0.872595, 0.212541, 0.101242, 0.199131, -0.879576, -43.6264, 12.8021, -43.7745)

[node name="Shrub C (40)" type="Node3D" parent="Plants/SpawnParent" index="39" instance=ExtResource("2_3q1ib")]
transform = Transform3D(0.120911, -0.00352096, -0.740181, -0.126051, 0.738938, -0.0241059, 0.729378, 0.128287, 0.118536, 10.2538, 0.785683, 0.123741)

[node name="Shrub B (41)" type="Node3D" parent="Plants/SpawnParent" index="40" instance=ExtResource("3_m8cyn")]
transform = Transform3D(0.660275, 0.000414216, 0.494632, 0.0968973, 0.808907, -0.130024, -0.485049, 0.162158, 0.647347, -1.04589, 0.47245, 3.15508)

[node name="Shrub C (42)" type="Node3D" parent="Plants/SpawnParent" index="41" instance=ExtResource("2_3q1ib")]
transform = Transform3D(-0.703801, -0.0232356, 0.258117, -0.0160201, 0.749452, 0.0237835, -0.258666, 0.0168051, -0.703782, 84.286, 2.53135, 47.8566)

[node name="Shrub C (43)" type="Node3D" parent="Plants/SpawnParent" index="42" instance=ExtResource("2_3q1ib")]
transform = Transform3D(0.365507, 0.00458675, 0.654892, -0.00223536, 0.749986, -0.00400517, -0.654905, 0, 0.365513, 49.5672, 0.00264359, 63.1933)

[node name="Shrub A (44)" type="Node3D" parent="Plants/SpawnParent" index="43" instance=ExtResource("4_fifgi")]
transform = Transform3D(0.372668, -0.180049, -0.625461, 0.00294589, 0.721191, -0.205852, 0.650853, 0.0998289, 0.35906, 65.3327, 11.4045, -28.6875)

[node name="Shrub C (45)" type="Node3D" parent="Plants/SpawnParent" index="44" instance=ExtResource("2_3q1ib")]
transform = Transform3D(0.691831, 0.270396, 0.103711, -0.254448, 0.695796, -0.116726, -0.138299, 0.0724873, 0.733566, -70.1824, 1.74966, 26.0493)

[node name="Shrub C (46)" type="Node3D" parent="Plants/SpawnParent" index="45" instance=ExtResource("2_3q1ib")]
transform = Transform3D(-0.87868, 0.022783, -0.473186, -0.0919356, 0.969938, 0.21742, 0.464728, 0.234956, -0.851661, -8.40839, 0.280968, 4.52599)

[node name="Shrub A (47)" type="Node3D" parent="Plants/SpawnParent" index="46" instance=ExtResource("4_fifgi")]
transform = Transform3D(0.230007, -0.000718257, -0.877868, -0.106474, 0.900777, -0.0286339, 0.871388, 0.110255, 0.228218, 22.8139, 0.605785, 1.48938)

[node name="Shrub C (48)" type="Node3D" parent="Plants/SpawnParent" index="47" instance=ExtResource("2_3q1ib")]
transform = Transform3D(0.0871766, 0.254423, -0.866733, -0.0924419, 0.868701, 0.245703, 0.898561, 0.0646864, 0.109366, -52.5626, 13.3682, -35.9285)

[node name="Shrub C (49)" type="Node3D" parent="Plants/SpawnParent" index="48" instance=ExtResource("2_3q1ib")]
transform = Transform3D(-0.726713, 0, 0.185442, 8.10629e-09, 0.75, 3.1767e-08, -0.185442, 3.2785e-08, -0.726713, 57.6778, 0.00025177, 29.2007)

[node name="Shrub C (50)" type="Node3D" parent="Plants/SpawnParent" index="49" instance=ExtResource("2_3q1ib")]
transform = Transform3D(-0.820083, 0.00102666, -0.388611, 0.0146263, 0.906935, -0.0284698, 0.388337, -0.0319906, -0.81959, 16.4199, 0.630726, 85.1589)

[node name="Shrub C (51)" type="Node3D" parent="Plants/SpawnParent" index="50" instance=ExtResource("2_3q1ib")]
transform = Transform3D(0.00518849, 0.24559, -0.708632, 0.157929, 0.692401, 0.241121, 0.733165, -0.150886, -0.0469244, -72.3979, 1.85526, 59.5045)

[node name="Shrub A (52)" type="Node3D" parent="Plants/SpawnParent" index="51" instance=ExtResource("4_fifgi")]
transform = Transform3D(0.725815, -0.0467978, 0.389393, 0.116183, 0.807996, -0.119456, -0.374591, 0.159932, 0.717445, 49.255, 3.89001, -10.2341)

[node name="Shrub B (53)" type="Node3D" parent="Plants/SpawnParent" index="52" instance=ExtResource("3_m8cyn")]
transform = Transform3D(0.654826, -0.150402, 0.333291, 0.129203, 0.734691, 0.0776909, -0.342068, -0.010416, 0.667369, 19.0997, 4.28056, 39.5234)

[node name="Shrub C (54)" type="Node3D" parent="Plants/SpawnParent" index="53" instance=ExtResource("2_3q1ib")]
transform = Transform3D(-0.380102, 0.0659552, 0.821419, 0.289528, 0.857607, 0.0651144, -0.771526, 0.289337, -0.380246, -7.01079, 5.9269, -29.5089)

[node name="Shrub B (55)" type="Node3D" parent="Plants/SpawnParent" index="54" instance=ExtResource("3_m8cyn")]
transform = Transform3D(-0.69667, -0.0780543, 0.266567, -0.0379531, 0.739777, 0.117427, -0.275154, 0.0955874, -0.691125, 37.1197, 7.53581, -28.8248)

[node name="Shrub C (56)" type="Node3D" parent="Plants/SpawnParent" index="55" instance=ExtResource("2_3q1ib")]
transform = Transform3D(0.350728, 0.180562, 0.637877, -0.060626, 0.727357, -0.172557, -0.660162, 0.0291315, 0.354735, -9.55111, 10.5488, -60.1448)

[node name="Shrub B (57)" type="Node3D" parent="Plants/SpawnParent" index="56" instance=ExtResource("3_m8cyn")]
transform = Transform3D(-0.00567203, 0.193182, -0.724671, -0.235405, 0.687609, 0.185145, 0.712076, 0.228855, 0.0554345, -53.4142, 9.50891, -21.1963)

[node name="Shrub A (58)" type="Node3D" parent="Plants/SpawnParent" index="57" instance=ExtResource("4_fifgi")]
transform = Transform3D(0.118159, -0.00368211, 0.740625, -0.204145, 0.720776, 0.0361527, -0.711943, -0.207288, 0.112553, 51.4683, 14.1367, -70.7435)

[node name="Shrub C (59)" type="Node3D" parent="Plants/SpawnParent" index="58" instance=ExtResource("2_3q1ib")]
transform = Transform3D(-0.441381, 0.00864585, -0.606307, 0.0465557, 0.748193, -0.0232226, 0.604579, -0.0513027, -0.440854, -19.1467, 1.00119, 87.2861)

[node name="Shrub B (60)" type="Node3D" parent="Plants/SpawnParent" index="59" instance=ExtResource("3_m8cyn")]
transform = Transform3D(-0.703673, 0.0710469, -0.249594, -0.00916664, 0.71409, 0.229109, 0.259347, 0.218007, -0.669113, -26.8863, 6.82022, -24.5765)

[node name="Shrub A (61)" type="Node3D" parent="Plants/SpawnParent" index="60" instance=ExtResource("4_fifgi")]
transform = Transform3D(0.441266, -0.0770364, -0.789244, -0.210453, 0.859443, -0.201553, 0.764559, 0.281033, 0.400033, 53.1757, 13.8261, -50.3811)

[node name="Shrub C (62)" type="Node3D" parent="Plants/SpawnParent" index="61" instance=ExtResource("2_3q1ib")]
transform = Transform3D(0.703955, 0.0732836, -0.248148, -0.0870607, 0.744436, -0.0271286, 0.243656, 0.0542683, 0.707239, -34.5032, 13.9974, -51.2936)

[node name="Shrub A (63)" type="Node3D" parent="Plants/SpawnParent" index="62" instance=ExtResource("4_fifgi")]
transform = Transform3D(-0.456058, -0.131012, -0.580815, -0.081271, 0.738468, -0.102759, 0.589835, 0.000452197, -0.463243, 70.7063, 0.739613, 39.649)

[node name="Shrub C (64)" type="Node3D" parent="Plants/SpawnParent" index="63" instance=ExtResource("2_3q1ib")]
transform = Transform3D(-0.688964, 0.0464504, -0.292697, 0.0430065, 0.74856, 0.0175644, 0.293223, -0.000648869, -0.690304, -1.47586, 0.0560551, 34.9625)

[node name="Shrub C (65)" type="Node3D" parent="Plants/SpawnParent" index="64" instance=ExtResource("2_3q1ib")]
transform = Transform3D(-0.606616, -0.0696792, -0.671355, 0.111403, 0.879936, -0.191988, 0.665704, -0.210748, -0.579637, 21.4792, 2.58333, 26.2644)

[node name="Shrub A (66)" type="Node3D" parent="Plants/SpawnParent" index="65" instance=ExtResource("4_fifgi")]
transform = Transform3D(-0.267966, -0.00118109, -0.700495, -0.19873, 0.719312, 0.074809, 0.671715, 0.212341, -0.257315, 9.9188, 6.25303, -26.6566)

[node name="Shrub A (67)" type="Node3D" parent="Plants/SpawnParent" index="66" instance=ExtResource("4_fifgi")]
transform = Transform3D(-0.444752, 0.000510949, 0.6039, -0.000746546, 0.749999, -0.00118437, -0.6039, -0.00130345, -0.44475, -5.22768, 0.0011673, 10.9046)

[node name="Shrub A (68)" type="Node3D" parent="Plants/SpawnParent" index="67" instance=ExtResource("4_fifgi")]
transform = Transform3D(0.470455, -0.0878265, 0.577459, 0.162242, 0.731944, -0.0208559, -0.561115, 0.138, 0.478128, 48.1857, 7.51584, -26.948)

[node name="Shrub A (69)" type="Node3D" parent="Plants/SpawnParent" index="68" instance=ExtResource("4_fifgi")]
transform = Transform3D(0.311193, 0.198659, -1.03415, -0.305344, 1.04905, 0.109639, 1.00782, 0.256496, 0.352542, -21.2496, 7.09953, -28.2256)

[node name="Shrub C (70)" type="Node3D" parent="Plants/SpawnParent" index="69" instance=ExtResource("2_3q1ib")]
transform = Transform3D(-0.434648, 0.067762, 0.607445, -0.0256456, 0.742698, -0.1012, -0.610675, -0.0794195, -0.428099, -12.1552, 0.647964, 20.5503)

[node name="Shrub C (71)" type="Node3D" parent="Plants/SpawnParent" index="70" instance=ExtResource("2_3q1ib")]
transform = Transform3D(-0.722132, 0.202387, -0.00804043, 0.201869, 0.721582, 0.032684, 0.0165555, 0.0293054, -0.749244, -79.3662, 3.81597, 46.9301)

[node name="Shrub A (72)" type="Node3D" parent="Plants/SpawnParent" index="71" instance=ExtResource("4_fifgi")]
transform = Transform3D(0.510235, -0.0725433, -0.544883, 0.0689387, 0.746015, -0.0347661, 0.545351, -0.0264329, 0.514192, 13.177, 11.2947, -80.3085)

[node name="Shrub A (73)" type="Node3D" parent="Plants/SpawnParent" index="72" instance=ExtResource("4_fifgi")]
transform = Transform3D(-0.471904, -0.0269728, 0.676168, -0.0185061, 0.82455, 0.0199763, -0.676453, -0.00374101, -0.472252, 2.60905, 0.0503693, 21.5837)

[node name="Shrub B (74)" type="Node3D" parent="Plants/SpawnParent" index="73" instance=ExtResource("3_m8cyn")]
transform = Transform3D(-0.645934, 0.0712581, 0.633441, 0.164637, 0.889863, 0.06778, -0.615808, 0.163162, -0.646308, -12.6949, 9.09824, -42.3787)

[node name="Shrub A (75)" type="Node3D" parent="Plants/SpawnParent" index="74" instance=ExtResource("4_fifgi")]
transform = Transform3D(-1.20195, -0.0276019, -0.116385, -0.036076, 1.20421, 0.0869782, 0.114044, 0.0900267, -1.19911, 1.31934, 7.2321, -34.4349)

[node name="Shrub C (77)" type="Node3D" parent="Plants/SpawnParent" index="75" instance=ExtResource("2_3q1ib")]
transform = Transform3D(0.734021, 0.196247, -0.321444, -0.185146, 0.801212, 0.0663711, 0.327963, 0.0130862, 0.756897, -67.8031, 0.852249, 29.0729)

[node name="Shrub C (78)" type="Node3D" parent="Plants/SpawnParent" index="76" instance=ExtResource("2_3q1ib")]
transform = Transform3D(-0.809254, 0.0819615, -0.137896, 0.0462905, 0.798333, 0.202847, 0.153591, 0.191238, -0.787695, -29.9535, 12.3973, -45.7231)

[node name="Shrub C (79)" type="Node3D" parent="Plants/SpawnParent" index="77" instance=ExtResource("2_3q1ib")]
transform = Transform3D(0.803861, 0.107479, -0.58203, -0.0869095, 0.992447, 0.0632338, 0.585455, -0.000247644, 0.808545, -64.6634, 0.274796, 51.9891)

[node name="Shrub C (80)" type="Node3D" parent="Plants/SpawnParent" index="78" instance=ExtResource("2_3q1ib")]
transform = Transform3D(0.75964, -0.0486257, 0.318132, 0.0421087, 0.823535, 0.0253276, -0.31906, -0.0070833, 0.760773, 66.1886, 0.31111, 51.7729)

[node name="Shrub C (81)" type="Node3D" parent="Plants/SpawnParent" index="79" instance=ExtResource("2_3q1ib")]
transform = Transform3D(0.0691888, 0.0563012, 0.744677, 0.156359, 0.730198, -0.069734, -0.73025, 0.161682, 0.0556244, -28.1892, 5.13437, -15.7466)

